image: factory_map_copy_1.pgm
resolution: 0.050000
origin: [-9.100560, -9.409646, 0.000000]
negate: 0
occupied_thresh: 0.65
free_thresh: 0.196

